225,547.3622 107.14285,-2.85714 0,31.42857 -111.42857,0 ;
329.28571,650.93364 0,25 -40,-0.71429 -1.42857,44.28571 -15.71428,-0.71428 1.42857,-47.14286 -5,0 -0.71429,-20 ;
353.57143,651.64792 0,22.85714 58.57142,-1.42857 0.71429,-20.71428 ;
255.71428,649.50506 0,47.14286 -57.85714,-4.28571 -2.85714,30 60.71428,1.42857 -0.71428,16.42857 -98.57143,-4.28571 0,-87.14286 ;
396.42857,750.93363 -2.85714,-17.85714 30.71428,1.42857 1.42857,17.14286 ;
426.42857,648.79078 1.42857,24.28571 105,-1.42857 -1.42857,-20 -89.28572,2.14286 -0.71428,-5.71429 ;
217.14286,609.50506 -0.71429,25 -57.85714,-0.71428 -1.42857,-27.85714 ;
105,698.79078 38.57143,0 2.14285,12.14286 -39.99999,-2.85715 ;
356.42857,810.93363 0,10.71429 7.85714,0.71429 9.28572,12.85714 12.85714,-2.14286 0,-12.14286 5,0 0.71428,-10 ;
290,811.64792 0,10 36.42857,-0.71429 0,-11.42857 ;
486.42857,461.64792 74.28571,5 -1.42857,22.14286 -76.42857,-8.57143 ;
123.57143,342.36221 -1.42857,15 72.14285,0 0,7.85714 -52.85714,1.42857 0,9.28572 85,-0.71429 0.71429,-8.57143 -22.85715,-3.57143 -0.71428,-10.71428 20.71428,5 0,-17.14286 ;
121.42857,380.93364 73.57143,0 -16.42857,39.28571 -62.85714,0 ;
370.71428,391.64792 -4.28571,-20 -8.57143,-0.71428 0,-12.14286 10,-1.42857 1.42857,-20 44.28572,5 c 0,0 0.71428,52.85714 -2.14286,52.85714 -2.85714,0 -40.71429,-3.57143 -40.71429,-3.57143 ;
308.57143,418.07649 -25.71429,22.14286 23.57143,21.42857 24.28571,-22.85714 ;
114.14724,455.36206 75.76144,0 0,86.87312 -75.76144,0 ;
202.0305,423.03717 75.76145,0 0,89.90358 -75.76145,0 ;
233.34525,358.38742 45.45686,0 0,49.49748 -45.45686,0 ;
286.88333,339.19452 35.35534,0 0,66.67007 -35.35534,0 ;
412.14224,428.08792 38.3858,0 0,92.93404 -38.3858,0 ;
348.50262,546.27576 106.06602,0 0,31.31473 -106.06602,0 ;
349.51279,590.72247 105.05586,0 0,29.29443 -105.05586,0 ;
225.26402,590.72247 107.07617,0 0,29.29443 -107.07617,0 ;
477.77524,502.81232 75.81525,0 0,78.84571 -75.81525,0 ;
286.88332,493.74785 21.21321,-20.20305 23.2335,23.23351 -23.2335,20.20305 ;
