225,547.3622 107.14285,-2.85714 0,31.42857 -111.42857,0 ;
349.28571,543.79078 1.42857,32.14286 77.14286,-0.71429 0,12.85714 -78.57143,0.71429 1.42857,31.42857 108.57143,0 L 455,544.50506 ;
225,588.79078 c 3.57143,0.71428 108.57143,0.71428 108.57143,0.71428 l 0,30 -110,-0.71428 ;
329.28571,650.93364 0,25 -40,-0.71429 -1.42857,44.28571 -15.71428,-0.71428 1.42857,-47.14286 -5,0 -0.71429,-20 ;
353.57143,651.64792 0,22.85714 58.57142,-1.42857 0.71429,-20.71428 ;
255.71428,649.50506 0,47.14286 -57.85714,-4.28571 -2.85714,30 60.71428,1.42857 -0.71428,16.42857 -98.57143,-4.28571 0,-87.14286 ;
172.14286,745.21935 84.28571,0.71429 0.71429,15.71428 L 170,759.50506 ;
239.28571,772.36221 2.14286,15 9.28571,0 1.42858,11.42857 49.28571,0 -2.85714,-12.85715 L 330,788.79078 331.42857,773.07649 300,772.36221 l -0.71429,-5.71429 -52.85714,-2.14286 ;
350.71428,775.21935 1.42858,7.85714 7.85714,15 5.71428,0 0,-8.57143 15,-0.71428 -0.71428,10.71428 51.42857,0.71429 -0.71429,-9.28572 c 0,0 21.42857,1.42858 21.42857,-2.14285 0,-3.57143 -1.42857,-20.71429 -1.42857,-20.71429 l -22.85714,0 0,-7.14286 -41.42857,-1.42857 2.14286,5.71429 -10,0 -0.71429,11.42857 ;
396.42857,750.93363 -2.85714,-17.85714 30.71428,1.42857 1.42857,17.14286 ;
428.57143,685.21935 2.85714,71.42857 22.14286,0 2.14285,16.42857 23.57143,3.57143 0,17.14286 27.85714,-11.42857 0,-38.57143 L 490,743.07649 l 0,10 -14.28572,-0.71428 1.42857,-1558.57143,-1.42857 0,-50 -48.57143,-0.71429 2.14286,20.71429 -12.85714,-0.71429 2.85714,-20 ;
426.42857,648.79078 1.42857,24.28571 105,-1.42857 -1.42857,-20 -89.28572,2.14286 -0.71428,-5.71429 ;
217.14286,609.50506 -0.71429,25 -57.85714,-0.71428 -1.42857,-27.85714 ;
107.14286,639.50506 0.71428,45 37.85714,-0.71428 0.71429,-36.42857 L 115,646.64792 l 0.71429,-5 ;
105,698.79078 38.57143,0 2.14285,12.14286 -39.99999,-2.85715 ;
150,594.50506 -1.42857,-36.42857 42.14285,-0.71428 L 190,595.93364 ;
356.42857,810.93363 0,10.71429 7.85714,0.71429 9.28572,12.85714 12.85714,-2.14286 0,-12.14286 5,0 0.71428,-10 ;
290,811.64792 0,10 36.42857,-0.71429 0,-11.42857 ;
112.85714,455.93364 1.42857,85 67.14286,2.14285 L 185,519.50506 166.42857,520.21935 165,527.36221 146.42857,525.21935 147.14286,495.93364 185,498.79078 184.28571,455.93364 ;
482.14285,368.07649 0,17.14286 28.57143,3.57143 0,6.42857 9.28572,2.14286 -6.42857,30.71428 10,0 0,10 -35.71429,-3.57142 -1.42857,15 L 545,458.07649 c 0,0 -1.42857,-16.42857 1.42857,-17.14285 2.85714,-0.71429 28.57143,5 28.57143,5 l -2.85715,-10.71429 -23.57142,-2.14286 -0.71429,-10 -9.28571,-1.42857 0.71428,-22.85714 19.28572,2.85714 2.85714,-10.71428 12.85714,1.42857 -0.71428,10 12.14285,0 2.14286,-25.71429 ;
486.42857,461.64792 74.28571,5 -1.42857,22.14286 -76.42857,-8.57143 ;
482.85714,496.64792 -3.57143,61.42857 76.42857,0.71429 L 560,502.36221 ;
413.57143,429.50507 42.85714,0.71428 -0.71429,90.71429 L 415,519.50506 ;
197.14286,431.64792 200,458.79078 l 11.42857,0.71429 0.71429,10 -13.57143,2.14285 3.57143,30.71429 23.57142,-3.57143 -1.42857,16.42857 7.85715,-4.28571 3.57142,-11.42858 c 0,042.85715,2.85715 42.14286,0 -0.71428,-2.85714 1.42857,-25.71428 -2.85714,-26.42857 -4.28572,-0.71428 -20.71429,0.71429 -20.71429,0.71429 l 0,-15.71429 c 0,0 22.14286,2.85715 22.14286,0 0,-2.85714 0.71429,-26.42857 0.71429,-26.42857 l -17.14286,0 -2.85714,-15.71428 L 215,416.64792 ;
123.57143,342.36221 -1.42857,15 72.14285,0 0,7.85714 -52.85714,1.42857 0,9.28572 85,-0.71429 0.71429,-8.57143 -22.85715,-3.57143 -0.71428,-10.71428 20.71428,5 0,-17.14286 ;
121.42857,380.93364 73.57143,0 -16.42857,39.28571 -62.85714,0 ;
287.14286,398.79078 c 0,-3.57143 -3.57143,-66.42857 -3.57143,-66.42857 l 37.85714,0.71428 0.71429,66.42858 ;
370.71428,391.64792 -4.28571,-20 -8.57143,-0.71428 0,-12.14286 10,-1.42857 1.42857,-20 44.28572,5 c 0,0 0.71428,52.85714 -2.14286,52.85714 -2.85714,0 -40.71429,-3.57143 -40.71429,-3.57143 ;
368.57143,421.64792 -12.14286,10 0.71429,14.28572 12.14285,9.28571 26.42857,1.42857 -0.71428,17.85715 -25.71429,-0.71429 -13.57143,12.85714 1.42858,10.71429 c 0,0 52.14285,2.14285 52.14285,-0.71429 0,-2.85714 -0.71428,-78.57143 -0.71428,-78.57143 ;
308.57143,418.07649 -25.71429,22.14286 23.57143,21.42857 24.28571,-22.85714 ;
305,469.50507 284.28571,487.36221 305,510.93364 330.71428,489.50507 ;
100.0051,548.80116 107.58125,-1.01015 -1.01016,-21.71828 267.69043,1.01015 3.03045,118.69293 -355.57369,-2.02031 -1.01015,-6.56599 -22.223357,0 1.010152,-82.83251 6.565995,-1.01015 -2.02031,79.80205 19.69798,-0.50508 2.0203,7.07107 345.47217,3.03046 -1.01015,-110.6117 -260.11428,-1.51523 1.01015,21.71828 -111.621855,0 ;
