26 100
A|100|6|8|<(0,30),(5,50)> <(5,50),(95,50)> <(95,50),(100,30)> <(100,30),(92,45)> <(92,45),(8,45)> <(8,45),(0,30)>  |(10,0) (10,1) (10,10) (10,11) (13,20) (15,23) (5,30) (20,30)
B|100|5|1|<(40,40),(35,55)> <(35,55),(50,70)> <(50,70),(65,55)> <(65,55),(60,40)> <(60,40),(40,40)>  |(50,70)
C|100|6|0|<(30,35),(50,40)> <(70,35),(50,40)> <(70,35),(53,35)> <(53,35),(50,25)> <(50,25),(47,35)> <(47,35),(30,35)>  |   
D|100|12|0|<(46,36),(46,56)> <(46,56),(26,56)> <(26,56),(26,64)> <(26,64),(46,64)> <(46,64),(46,84)> <(46,84),(54,84)> <(54,84),(54,64)> <(54,64),(74,64)> <(74,64),(74,56)>  <(74,56),(54,56)> <(54,56),(54,36)>  <(54,36),(46,36)>  | 
E|20|12|0|<(0,0),(0,30)> <(20,30),(0,30)> <(20,30),(20,23)> <(20,23),(7,23)> <(7,23),(7,18)> <(7,18),(20,18)> <(20,18),(20,12)> <(20,12),(7,12)> <(7,12),(7,7)> <(7,7),(20,7)> <(20,7),(20,0)> <(20,0),(0,0)>|   
F|20|10|1|<(0,0),(0,30)> <(7,30),(0,30)> <(7,30),(7,18)> <(7,18),(20,18)> <(20,18),(20,12)> <(20,12),(7,12)> <(7,12),(7,7)> <(7,7),(20,7)> <(20,7),(20,0)> <(20,0),(0,0)>|(7,30)
G|20|12|1|<(0,5),(0,25)> <(5,30),(0,25)> <(0,5),(5,0)> <(5,0),(20,0)> <(5,30),(20,30)> <(20,17),(20,30)> <(20,17),(13,17)> <(13,23),(13,17)>  <(14,23),(7,23)> <(20,0),(20,7)>  <(20,7),(7,7)>  <(7,7),(7,23)>  |(14,23)
H|20|12|4|<(0,0),(0,30)> <(0,30),(7,30)> <(7,18),(7,30)> <(13,30),(20,30)> <(7,18),(13,18)> <(13,18),(13,30)> <(20,30),(20,0)> <(20,0),(13,0)> <(13,0),(13,12)> <(14,12),(7,12)> <(7,12),(7,0)> <(7,0),(0,0)>|(8,0) (14,12) (14,18) (7,30)
I|9|4|2|<(1,0),(8,0)> <(8,0),(8,30)> <(8,30),(1,30)> <(1,30),(1,0)>|(9,0) (8,30)   
J|20|12|3|<(20,0),(20,23)> <(20,23),(13,30)> <(14,30),(6,30)> <(6,30),(0,24)> <(0,21),(7,21)> <(7,21),(7,25)> <(7,25),(13,25)> <(12,25),(14,23)> <(14,23),(14,0)> <(14,0),(20,0)> <(0,21),(0,24)> <(0,0),(0,0)>|(8,21) (13,25) (14,30)
K|20|11|7|<(0,0),(0,30)> <(0,30),(7,30)> <(7,30),(7,18)> <(7,18),(14,30)> <(14,30),(20,30)> <(11,15),(20,30)> <(11,15),(20,0)> <(14,0),(20,0)> <(14,0),(7,13)> <(7,13),(7,0)> <(7,0),(0,0)>|(8,0) (9,11) (9,12) (8,18) (9,19) (9,20) (7,30)  
L|20|6|1|<(0,0),(0,30)> <(0,30),(20,30)> <(20,30),(20,23)> <(20,23),(7,23)> <(7,0),(7,23)> <(7,0),(0,0)>| (8,0)
M|20|12|21|<(0,0),(0,30)> <(7,30),(0,30)> <(7,9),(7,30)> <(7,9),(10,25)> <(14,9),(10,25)> <(14,9),(14,30)> <(20,30),(14,30)> <(20,30),(20,0)> <(14,0),(20,0)> <(10,7),(14,0)> <(10,7),(7,0)> <(7,0),(0,0)>|(8,0) (12,6) (8,9) (15,9) (8,10) (15,10) (8,11) (15,11) (9,12) (15,12) (9,13) (15,13) (9,14) (15,14) (9,15) (15,15) (9,16) (9,17) (12,23) (11,24) (7,30)
N|20|10|11|<(0,0),(0,30)> <(0,30),(7,30)> <(7,30),(7,9)> <(14,30),(7,9)> <(14,30),(20,30)> <(20,30),(20,0)> <(20,0),(14,0)> <(14,0),(14,23)> <(14,23),(7,0)> <(7,0),(0,0)>|(8,0) (7,9) (7,10) (9,11) (9,12) (9,13) (15,19) (15,20) (15,21) (15,22) (7,30)
O|20|12|4|<(0,7),(0,23)> <(0,23),(7,30)> <(7,30),(14,30)> <(13,30),(20,23)> <(20,23),(20,7)> <(20,7),(13,0)> <(13,0),(7,0)> <(7,0),(0,7)> <(7,7),(7,23)> <(7,23),(14,23)> <(14,23),(14,7)> <(14,7),(7,7)> |(14,0) (15,7) (14,23) (14,30)
P|20|12|4|<(0,0),(0,30)> <(0,30),(7,30)> <(7,30),(7,23)> <(7,23),(14,23)> <(20,16),(13,23)> <(20,16),(20,6)> <(20,6),(14,0)> <(14,0),(0,0)> <(7,7),(7,17)> <(7,17),(14,17)> <(14,17),(14,7)> <(14,7),(7,7)>  |(15,0) (15,7) (14,17) (7,30)
Q|20|15|6|<(0,7),(0,23)> <(0,23),(7,30)> <(7,30),(14,30)> <(13,30),(15,28)> <(18,25),(20,23)> <(20,23),(20,7)> <(20,7),(13,0)> <(13,0),(7,0)> <(7,0),(0,7)> <(7,7),(7,23)> <(7,23),(14,23)> <(14,23),(14,7)> <(14,7),(7,7)>  <(18,25),(20,29)> <(15,28),(19,30)>  |(14,0) (15,7) (14,23) (17,28) (19,29) (14,30)   
R|20|14|6|<(0,0),(0,30)> <(0,30),(7,30)> <(7,30),(7,23)> <(7,23),(14,30)> <(20,30),(14,30)> <(20,30),(13,23)>  <(20,16),(13,23)> <(20,16),(20,6)> <(20,6),(14,0)> <(14,0),(0,0)> <(7,7),(7,17)> <(7,17),(14,17)> <(14,17),(14,7)> <(14,7),(7,7)> |(15,0) (15,7) (14,17) (8,23) (9,24) (7,30)
S|20|14|1|<(20,0),(7,0)> <(7,0),(0,7)> <(20,0),(20,7)> <(20,7),(7,7)> <(7,7),(7,12)> <(7,12),(20,12)> <(20,12),(20,23)> <(20,23),(13,30)> <(14,30),(0,30)> <(0,30),(0,23)> <(14,23),(0,23)> <(14,23),(14,17)> <(14,17),(0,17)> <(0,17),(0,7)> |(14,30)
T|20|8|1|<(0,0),(20,0)> <(20,7),(20,0)> <(20,7),(14,7)> <(14,7),(14,30)> <(14,30),(7,30)> <(7,30),(7,7)> <(7,7),(0,7)> <(0,7),(0,0)>|(14,30)
U|20|11|3|<(0,0),(0,23)> <(0,23),(7,30)> <(7,30),(14,30)> <(13,30),(20,23)> <(20,23),(20,0)> <(20,0),14,0)> <(14,0),(20,0)> <(14,0),(14,23)> <(7,23),(14,23)> <(7,23),(7,0)> <(7,0),(0,0)> |(8,0) (14,23) (14,30)   
V|20|6|4|<(0,0),(10,30)> <(10,30),(20,0)> <(20,0),(14,0)> <(14,0),(10,14)> <(10,14),(7,0)> <(7,0),(0,0)> |(8,0) (12,12) (10,13) (10,29)    
W|20|12|13|<(0,0),(0,30)> <(4,30),(0,30)> <(4,30),(10,15)> <(10,15),(17,30)> <(17,30),(20,30)> <(20,30),(20,0)> <(20,0),(17,0)> <(17,0),(17,20)> <(17,20),(10,5)> <(10,5),(4,20)> <(4,20),(4,0)> <(4,0),(0,0)> |(5,0) (10,5) (10,6) (10,15) (10,16) (6,17) (18,17) (6,18) (18,18) (5,19) (11,19) (17,19) (4,30)
X|20|12|6|<(0,0),(7,15)> <(0,30),(7,15)> <(7,30),(0,30)> <(7,30),(10,23)> <(10,23),(14,30)> <(20,30),(14,30)> <(20,30),(14,15)> <(14,15),(20,0)> <(20,0),(14,0)> <(14,0),(10,7)> <(10,7),(7,0)> <(7,0),(0,0)> |(8,0) (12,6) (11,23) (12,24) (7,30) (20,30)   
Y|20|9|3|<(0,0),(7,15)> <(7,15),(7,30)> <(7,30),(14,30)> <(14,30),(14,15)> <(14,15),(20,0)> <(20,0),(14,0)> <(14,0),(10,10)> <(10,10),(6,0)> <(6,0),(0,0)> |(7,0) (10,9) (14,30)    
Z|20|10|1|<(0,0),(20,0)> <(20,0),(20,7)> <(20,7),(7,23)> <(7,23),(20,23)> <(20,30),(20,23)> <(20,30),(0,30)> <(0,23),(0,30)> <(0,23),(14,7)> <(14,7),(0,7)> <(0,7),(0,0)> |   (20,30)