26 10
A|5|0|0|11|2|<(0,0),(0,0)> <(0,0),(0,0)> <(0,0),(0,0)> <(0,0),(0,0)> <(0,0),(0,0)> <(0,0),(0,0)> <(0,0),(0,0)> <(0,0),(0,0)> <(0,0),(0,0)> <(0,0),(0,0)> <(0,0),(0,0)>|(0,0) (0,0)
B|5|0|0|14|2|<(0,0),(0,0)> <(0,0),(0,0)> <(0,0),(0,0)> <(0,0),(0,0)> <(0,0),(0,0)> <(0,0),(0,0)> <(0,0),(0,0)> <(0,0),(0,0)> <(0,0),(0,0)> <(0,0),(0,0)> <(0,0),(0,0)> <(0,0),(0,0)> <(0,0),(0,0)> <(0,0),(0,0)> |(0,0) (0,0)
C|5|0|0|8|2|<(0,0),(0,0)> <(0,0),(0,0)> <(0,0),(0,0)> <(0,0),(0,0)> <(0,0),(0,0)> <(0,0),(0,0)> <(0,0),(0,0)> <(0,0),(0,0)>|(0,0) (0,0)
D|5|0|0|8|2|<(0,0),(0,0)> <(0,0),(0,0)> <(0,0),(0,0)> <(0,0),(0,0)> <(0,0),(0,0)> <(0,0),(0,0)> <(0,0),(0,0)> <(0,0),(0,0)>|(0,0) (0,0)
E|5|0|0|12|2|<(0,0),(0,0)> <(0,0),(0,0)> <(0,0),(0,0)> <(0,0),(0,0)> <(0,0),(0,0)> <(0,0),(0,0)> <(0,0),(0,0)> <(0,0),(0,0)> <(0,0),(0,0)> <(0,0),(0,0)> <(0,0),(0,0)> <(0,0),(0,0)>|(0,0) (0,0)
F|5|0|0|10|2|<(0,0),(0,0)> <(0,0),(0,0)> <(0,0),(0,0)> <(0,0),(0,0)> <(0,0),(0,0)> <(0,0),(0,0)> <(0,0),(0,0)> <(0,0),(0,0)> <(0,0),(0,0)> <(0,0),(0,0)>|(0,0) (0,0)
G|5|0|0|12|2|<(0,0),(0,0)> <(0,0),(0,0)> <(0,0),(0,0)> <(0,0),(0,0)> <(0,0),(0,0)> <(0,0),(0,0)> <(0,0),(0,0)> <(0,0),(0,0)> <(0,0),(0,0)> <(0,0),(0,0)> <(0,0),(0,0)> <(0,0),(0,0)>|(0,0) (0,0)
H|5|0|0|12|2|<(0,0),(0,0)> <(0,0),(0,0)> <(0,0),(0,0)> <(0,0),(0,0)> <(0,0),(0,0)> <(0,0),(0,0)> <(0,0),(0,0)> <(0,0),(0,0)> <(0,0),(0,0)> <(0,0),(0,0)> <(0,0),(0,0)> <(0,0),(0,0)>|(0,0) (0,0)
I|2|0|0|4|2|<(0,0),(0,0)> <(0,0),(0,0)> <(0,0),(0,0)> <(0,0),(0,0)>|(0,0) (0,0)
J|5|0|0|12|2|<(0,0),(0,0)> <(0,0),(0,0)> <(0,0),(0,0)> <(0,0),(0,0)> <(0,0),(0,0)> <(0,0),(0,0)> <(0,0),(0,0)> <(0,0),(0,0)> <(0,0),(0,0)> <(0,0),(0,0)> <(0,0),(0,0)> <(0,0),(0,0)>|(0,0) (0,0)
K|5|0|0|11|2|<(0,0),(0,0)> <(0,0),(0,0)> <(0,0),(0,0)> <(0,0),(0,0)> <(0,0),(0,0)> <(0,0),(0,0)> <(0,0),(0,0)> <(0,0),(0,0)> <(0,0),(0,0)> <(0,0),(0,0)> <(0,0),(0,0)>|(0,0) (0,0)
L|5|0|0|6|2|<(0,0),(0,0)> <(0,0),(0,0)> <(0,0),(0,0)> <(0,0),(0,0)> <(0,0),(0,0)> <(0,0),(0,0)>|(0,0) (0,0)
M|6|0|0|12|2|<(0,0),(0,0)> <(0,0),(0,0)> <(0,0),(0,0)> <(0,0),(0,0)> <(0,0),(0,0)> <(0,0),(0,0)> <(0,0),(0,0)> <(0,0),(0,0)> <(0,0),(0,0)> <(0,0),(0,0)> <(0,0),(0,0)> <(0,0),(0,0)>|(0,0) (0,0)
N|5|0|0|10|2|<(0,0),(0,0)> <(0,0),(0,0)> <(0,0),(0,0)> <(0,0),(0,0)> <(0,0),(0,0)> <(0,0),(0,0)> <(0,0),(0,0)> <(0,0),(0,0)> <(0,0),(0,0)> <(0,0),(0,0)>|(0,0) (0,0)
O|5|0|0|8|2|<(0,0),(0,0)> <(0,0),(0,0)> <(0,0),(0,0)> <(0,0),(0,0)> <(0,0),(0,0)> <(0,0),(0,0)> <(0,0),(0,0)> <(0,0),(0,0)>|(0,0) (0,0)
P|5|0|0|10|2|<(0,0),(0,0)> <(0,0),(0,0)> <(0,0),(0,0)> <(0,0),(0,0)> <(0,0),(0,0)> <(0,0),(0,0)> <(0,0),(0,0)> <(0,0),(0,0)> <(0,0),(0,0)> <(0,0),(0,0)>|(0,0) (0,0)
Q|6|0|0|11|2|<(0,0),(0,0)> <(0,0),(0,0)> <(0,0),(0,0)> <(0,0),(0,0)> <(0,0),(0,0)> <(0,0),(0,0)> <(0,0),(0,0)> <(0,0),(0,0)> <(0,0),(0,0)> <(0,0),(0,0)> <(0,0),(0,0)>|(0,0) (0,0)
R|5|0|0|13|2|<(0,0),(0,0)> <(0,0),(0,0)> <(0,0),(0,0)> <(0,0),(0,0)> <(0,0),(0,0)> <(0,0),(0,0)> <(0,0),(0,0)> <(0,0),(0,0)> <(0,0),(0,0)> <(0,0),(0,0)> <(0,0),(0,0)> <(0,0),(0,0)> <(0,0),(0,0)>|(0,0) (0,0)
S|5|0|0|12|2|<(0,0),(0,0)> <(0,0),(0,0)> <(0,0),(0,0)> <(0,0),(0,0)> <(0,0),(0,0)> <(0,0),(0,0)> <(0,0),(0,0)> <(0,0),(0,0)> <(0,0),(0,0)> <(0,0),(0,0)> <(0,0),(0,0)> <(0,0),(0,0)>|(0,0) (0,0)
T|4|0|0|8|2|<(0,0),(0,0)> <(0,0),(0,0)> <(0,0),(0,0)> <(0,0),(0,0)> <(0,0),(0,0)> <(0,0),(0,0)> <(0,0),(0,0)> <(0,0),(0,0)>|(0,0) (0,0)
U|5|0|0|8|2|<(0,0),(0,0)> <(0,0),(0,0)> <(0,0),(0,0)> <(0,0),(0,0)> <(0,0),(0,0)> <(0,0),(0,0)> <(0,0),(0,0)> <(0,0),(0,0)>|(0,0) (0,0)
V|5|0|0|7|2|<(0,0),(0,0)> <(0,0),(0,0)> <(0,0),(0,0)> <(0,0),(0,0)> <(0,0),(0,0)> <(0,0),(0,0)> <(0,0),(0,0)>|(0,0) (0,0)
W|6|0|0|13|2|<(0,0),(0,0)> <(0,0),(0,0)> <(0,0),(0,0)> <(0,0),(0,0)> <(0,0),(0,0)> <(0,0),(0,0)> <(0,0),(0,0)> <(0,0),(0,0)> <(0,0),(0,0)> <(0,0),(0,0)> <(0,0),(0,0)> <(0,0),(0,0)> <(0,0),(0,0)>|(0,0) (0,0)
X|6|0|0|12|2|<(0,0),(0,0)> <(0,0),(0,0)> <(0,0),(0,0)> <(0,0),(0,0)> <(0,0),(0,0)> <(0,0),(0,0)> <(0,0),(0,0)> <(0,0),(0,0)> <(0,0),(0,0)> <(0,0),(0,0)> <(0,0),(0,0)> <(0,0),(0,0)>|(0,0) (0,0)
Y|6|0|0|9|2|<(0,0),(0,0)> <(0,0),(0,0)> <(0,0),(0,0)> <(0,0),(0,0)> <(0,0),(0,0)> <(0,0),(0,0)> <(0,0),(0,0)> <(0,0),(0,0)> <(0,0),(0,0)>|(0,0) (0,0)
Z|6|0|0|9|2|<(0,0),(0,0)> <(0,0),(0,0)> <(0,0),(0,0)> <(0,0),(0,0)> <(0,0),(0,0)> <(0,0),(0,0)> <(0,0),(0,0)> <(0,0),(0,0)> <(0,0),(0,0)>|(0,0) (0,0)